Model origin coordinates:
 lon= -117.97146 lat=   34.52779 rotate=  -55.00

Model origin shift (cartesian vs. geographic):
 xshift(km)=   -209.89999 yshift(km)=   -284.90002

Model corners:
 c1= -121.82175   34.39123
 c2= -119.25072   37.53217
 c3= -114.11414   34.54327
 c4= -116.78152   31.51101

Model Dimensions:
 xlen=   420.0000 km
 ylen=   570.0001 km
 zlen=    40.0000 km

