Model origin coordinates:
 lon= -117.89577 lat=   34.61206 rotate=  -55.00

Model origin shift (cartesian vs. geographic):
 xshift(km)=   -219.89999 yshift(km)=   -284.90002

Model corners:
 c1= -121.80881   34.39984
 c2= -119.11258   37.69054
 c3= -113.96861   34.69885
 c4= -116.76619   31.52236

Model Dimensions:
 xlen=   440.0000 km
 ylen=   570.0001 km
 zlen=    40.0000 km

